1960:

wf:
[ 2019.  5266.  3633.  1427.  2975.]
coolidg landon forsight cathol eleph
[ 4681.  8980.  9304.  4368.  9445.]
incident standpoint surrend hip tear

bool:
[ 2019.  5266.  3633.  6659.  5699.]
coolidg landon forsight ovat massachusett
[ 4681.  8980.  9445.  4368.   435.]
incident standpoint tear hip appetit

tfidf:
[ 2815.  1721.   936.  2444.  1737.]
dribble cold blackwel depos colo
[ 4175.  2049.  1846.  2193.  4411.]
hanov corrobor conced crush holm

2008:

wf:
[  2715.  10167.   7862.  11102.   5400.]
[ 1265.  2092.  5308.  8350.  2773.]

bool:
[  2715.  10167.  11102.   6948.   2774.]
[ 8350.  2639.  2773.  5025.  5308.]

tfidf:
[ 1229.  4586.  3511.  4949.  4261.]
[  572.  2817.   943.  2407.  4292.]

2012:

wf:
[ 5839.  4617.  3706.  4031.  5338.]
[ 5685.  5415.  4621.  5065.  2221.]

bool:
[ 5839.  4031.  4617.  3706.  1313.]
[ 5065.  2221.  2338.  1275.  5671.]

tfidf:
[ 3704.  4844.  4373.  3139.  3782.]
[ 4690.  3785.  4450.  3885.  2660.]

2016:

wf:
[  586.  6767.  6649.  3122.  1722.]
[ 4166.  5068.  1572.  5923.  1758.]

bool:
[  586.  2253.  3122.  2891.  6767.]
[ 1572.  5068.  5309.  5934.  4166.]

tfidf:
[  428.  4868.  4784.  2246.  1948.]
[ 3661.  4276.  1265.  2997.  1138.]